function mpc = data_save

% Data save

mpc.Branch_5=[16.9621  150.3232
    5.4062  127.9147
    8.9794  131.2155
   16.0897   98.0187
   11.4319  137.9214
   11.2245  121.5344
    0.4875  343.3673
   11.5620  103.5807
    1.7064  343.2553
   13.8211  135.5252
   17.1089  131.9961
   18.0075  159.6921
    5.4081  100.5113
   10.9301  137.2077
    4.4085  144.5620
   18.5185  127.1646
   16.8068  137.4022
         0  343.4117
   18.5185  137.3259
   18.5185  140.4692
    3.2906  153.2380
   10.7190  147.6742
   18.5185  103.9741
   18.1679  119.5434
         0  343.4117
    4.8002  114.2824
    7.6972  152.0965
         0  343.4117
   11.4430  146.8870
   18.5185  133.0750
    0.2261  343.3912
   18.5185  136.6116
    0.1899  343.3945
   18.5185  148.6127
         0  343.4117
    2.5015  343.1818
   10.0484  131.0648
   14.0526  138.7765
   10.6779  132.7240
    2.5179  343.1803
         0  343.4117
    1.7977  343.2468
    3.0675  343.1507
   10.7029  130.8621
         0  343.4117
         0  343.4117
   15.5471  164.1164
   18.5185  107.4608
    8.1297  130.7628
    6.0506  157.1284
   18.5185  130.6495
    7.9674   92.3709
   13.8822  109.6055
   14.1429  102.3701
         0  343.4117
    2.0675  343.2219
    9.1146  133.0893
   10.9206  154.3041
   18.5185  149.0934
   14.6077  135.7509
    2.7977  343.1560
    5.7211  153.8609
   14.9395   91.6755
   15.3227  159.2255
    2.1683  343.2126
   11.0252  134.2839
   15.8192  157.2921
   12.0636  131.3975
   12.6378  133.9502
    2.1433  343.2149
    3.2719  130.5799
    5.7267  129.7712
    3.4725  135.5040
    3.5608  157.0156
   12.9229  140.4537
    7.3797  150.7438
   12.3693  141.3354
         0  343.4117
   10.6721  140.4102
    3.2408  135.6309
   10.8864  134.9074
         0  343.4117
    2.2438  343.2056
    1.9094  343.2365
    4.4177  142.9443
    0.6927  343.3485
    3.8708  137.3285
         0  343.4117
   12.5552  133.4104
   14.5263  129.2472
   18.5185  137.5017
   14.6083  138.2434
   14.6561  120.8915
   18.5185  115.0230
    7.7860  136.4725
    0.5778  343.3591
    7.7548  141.9322
    8.5967  151.0454
    8.6183  141.9797
   16.9763  150.5021];


%%%%%%%%%%%%%%%%%%%%%%%%%

mpc.Branch_8=[ 0  343.4117
   36.6613  132.6640
         0  343.4117
   35.4982  112.4306
   37.4532  155.6064
         0  343.4117
   30.3426  130.8380
   37.4532  157.4085
   37.4532  145.3445
         0  343.4117
   37.4532  157.7319
   27.5737  344.1213
   37.4532  160.3890
   37.4532  153.0910
    0.9079  343.4195
    2.4704  343.4338
   37.4021  157.9197
   20.6618  343.7618
   37.4532  152.4046
   37.4532  118.8206
   37.4532  154.1049
   37.4532  156.7413
         0  343.4117
   37.4532  156.7353
         0  343.4117
   37.4532  153.4242
   12.4717  343.5621
   37.4532  152.8453
   37.4532  161.9183
   27.4957  344.1152
   37.4532   91.7185
   37.4532  161.5486
   31.9619  139.6818
   37.4532  154.8209
    6.6698  343.4785
   37.4532  160.4595
   37.4532  157.7701
    2.2457  343.4316
   37.4532  121.2425
   31.4873  146.2468
   16.9603  343.6546
   37.4532  144.6713
   37.4532  111.4426
   37.4532  154.5087
   29.6979  344.3209
   37.4532  155.9226
   37.4532  127.7147
   37.4532  152.0204
    0.3412  343.4146
   37.4532  153.5875
    7.3879  343.4873
         0  343.4117
   37.4532  146.8321
   37.4532  152.6116
   37.4532  159.5048
   35.4457  130.8913
   34.3898  155.7592
   37.4532  156.5677
   37.4532  158.7334
   30.4709   93.7562
   37.4532  142.0389
         0  343.4117
   37.4532  154.8517
   37.4532  158.0728
   37.4532  151.7832
   18.7689  343.7025
   33.7554  159.6385
         0  343.4117
         0  343.4117
   33.4073  101.7305
   37.4532  147.7598
         0  343.4117
   37.4532  158.7019
    6.9428  343.4818
   37.4532  153.0896
   37.4532  144.6243
   12.9665  343.5708
   37.4532  162.9461
    0.5571  343.4165
         0  343.4117
   37.4532  153.1287
   30.3867  133.7773
   37.4532  150.5924
   37.4532  160.2341
   37.4532  153.9366
   37.4532  152.0564
   15.1426  343.6133
   23.6465  343.8817
   37.4532  150.6619
   37.4532  162.2046
   37.4532  159.3818
         0  343.4117
   37.4532  157.0979
         0  343.4117
   37.4532  148.1142
         0  343.4117
   13.7682  343.5857
   37.4532  152.5123
   37.4532  155.0539
   37.4532  165.6124];


%%%%%%%%%%%%%%%%%%%%%%%%%

mpc.Branch_12=[   51.0204  135.3374
   30.2606  140.6126
   51.0204  145.8686
    4.9894  343.3555
   51.0204  159.8998
   27.0557  146.0052
   24.5497  155.4802
    5.3373  343.3514
   24.0919  148.7834
   51.0204  115.3383
   23.7747  150.3107
   35.6492  142.3242
   28.0960  158.1610
   30.4144  120.2427
   51.0204  133.7677
   22.0881  112.4131
   40.4461  108.3107
   51.0204  103.1036
    3.7007  343.3706
   30.4651  153.7429
   25.4746  112.4090
   29.2767  131.5316
         0  343.4117
   49.0258  136.9059
   43.3555  133.4316
   38.9528  109.9282
   51.0204  159.2343
         0  343.4117
   51.0204  134.1765
   38.6577  104.7480
         0  343.4117
    5.2422  343.3525
         0  343.4117
   50.1897   81.8092
   51.0204  155.7157
    6.0665  343.3427
   42.2237  138.9157
   31.8847  140.1785
   51.0204  159.9390
    3.4315  343.3737
   51.0204  156.5393
         0  343.4117
   40.4590  113.7976
   33.3140  102.9820
   39.4108  150.8323
   19.6347  100.1514
         0  343.4117
    3.2269  343.3760
   44.9841  154.8537
   51.0204  147.3557
   51.0204  150.0519
    2.2556  343.3870
   51.0204  155.2697
         0  343.4117
         0  343.4117
   35.1850  138.1604
    3.5569  343.3722
   41.5619  159.6298
   19.3346  104.4143
   39.6690  151.8451
    1.2834  343.3978
   51.0204  153.4286
   40.7629  134.3531
   36.8445   99.6134
   51.0204  128.8264
   36.4573  147.3944
         0  343.4117
   20.4627  135.9831
   51.0204  120.8876
    0.8181  343.4029
   48.2154   97.7471
   17.9332  152.5322
         0  343.4117
   32.7076  138.0233
   27.6900  158.6223
   17.0787  130.2749
         0  343.4117
   51.0204  154.6696
         0  343.4117
   44.9798  130.9834
   18.7059  138.9566
   13.0601  343.3720
   30.9738  145.9747
   51.0204  148.0506
         0  343.4117
   51.0204  156.3111
   51.0204  151.7099
         0  343.4117
   24.5676  123.6053
         0  343.4117
         0  343.4117
    2.0860  343.3889
   51.0204  106.8373
    6.4196  343.3384
   39.9713  119.0269
   21.5787  149.1615
   51.0204  148.5262
   21.3487  136.8275
   37.6511  154.0528
   19.4904  144.2643];

%%%%%%%%%%%%%%%%%%%%%%%%%

